9
0
98
111
111
116
45
114
101
112
97
105
114
45
52
112
263
50
48
55
53
32
275
276
277
278
279
280
281
282
32
91
271
50
52
48
53
50
55
95
50
294
50
93
10
10
61
300
301
302
303
304
305
61
32
66
257
116
32
82
262
264
114
32
83
117
109
109
97
114
121
32
306
326
327
301
298
330
10
109
111
100
112
114
111
98
101
58
32
70
65
84
65
76
341
77
334
117
108
101
32
101
102
105
118
322
115
32
110
258
32
102
111
117
110
100
32
105
110
32
100
265
101
99
116
111
323
32
47
108
105
98
47
333
100
351
101
115
47
54
46
56
46
48
45
51
49
45
103
101
110
101
114
105
99
298
313
99
111
320
403
100
101
369
261
263
265
341
95
422
423
424
425
426
427
428
429
430
425
298
84
104
353
415
102
97
351
311
418
315
32
111
102
32
116
435
308
310
45
313
419
316
117
116
105
383
116
324
119
458
108
32
261
371
115
116
97
108
464
448
353
103
114
117
98
45
355
105
45
97
109
100
54
52
45
115
105
103
404
369
445
10
110
118
109
101
48
110
49
112
53
44
10
117
489
110
103
447
449
365
471
111
462
509
444
112
457
111
110
115
341
361
497
499
501
112
49
47
256
258
47
480
10
65
100
374
520
110
470
465
314
265
32
462
471
32
339
32
112
405
365
114
498
100
341
367
104
105
415
45
532
116
498
110
117
45
49
48
360
507
101
488
469
368
322
100
479
356
45
356
352
330
531
310
534
356
32
97
538
416
370
372
496
498
500
502
53
47
102
468
97
98
10
349
367
311
47
415
118
47
596
527
502
49
444
372
386
110
116
586
533
535
10
85
110
560
415
32
71
82
85
66
549
310
32
566
117
594
525
597
528
600
101
116
99
610
355
439
108
622
475
477
298
328
307
313
467
469
548
473
32
654
478
480
482
484
486
488
490
492
444
446
649
612
614
598
503
325
657
298
99
104
337
363
620
311
665
45
660
470
464
45
45
118
405
489
521
10
690
692
548
40
632
634
41
32
50
46
49
50
569
477
608
117
55
332
334
336
338
340
342
344
346
348
350
352
354
356
358
114
360
362
311
365
367
369
371
373
375
377
379
324
382
384
386
728
390
392
394
396
398
400
402
404
406
408
684
686
609
109
621
638
720
337
550
480
732
115
683
685
637
688
730
384
310
109
475
32
696
549
355
379
474
476
98
594
603
471
10
69
70
73
32
732
105
604
352
360
322
353
735
32
115
117
269
379
116
593
521
511
105
360
115
121
468
101
109
46
10
405
337
316
116
114
97
99
340
330
760
774
763
311
367
483
353
260
10
393
395
397
399
401
403
405
407
772
761
381
834
664
787
691
522
661
694
580
481
374
261
743
323
61
623
622
480
781
45
469
114
402
116
61
120
56
54
95
670
868
695
117
667
115
376
117
261
563
310
10
73
856
693
371
510
554
32
876
878
880
589
112
108
97
116
554
820
701
854
703
108
341
119
322
110
895
341
793
795
797
799
390
32
99
97
110
804
550
885
311
812
448
814
805
817
810
908
702
893
471
913
915
917
32
89
366
546
463
32
104
97
697
447
111
924
412
903
646
353
663
706
635
930
807
638
926
117
693
121
821
892
790
904
540
364
371
814
435
100
46
32
78
955
823
379
543
112
809
416
821
100
675
611
613
526
679
49
332
118
851
621
866
588
105
47
919
47
309
533
564
120
486
46
868
688
1003
480
1006
794
1008
587
98
107
112
1011
1013
535
99
112
1001
622
564
1004
1034
715
621
117
47
115
560
109
1012
52
1014
589
1016
1033
1018
1007
1009
1032
310
1043
1045
105
10
1029
1031
1017
356
1035
98
716
47
665
1054
1015
834
1060
1005
1050
587
849
833
764
939
973
869
667
861
376
378
864
1070
869
871
873
875
877
879
487
881
45
883
581
885
99
887
574
564
891
940
383
517
897
899
1091
859
551
974
907
821
1077
857
942
114
916
509
918
794
796
322
798
98
800
924
926
928
353
930
618
813
815
936
819
1113
910
1103
1116
1118
103
341
946
640
547
464
951
953
378
956
109
958
810
511
353
962
805
646
965
321
567
969
971
1103
905
105
812
356
916
1040
990
982
984
114
824
987
989
980
1074
687
852
480
564
779
316
782
97
102
810
316
665
789
857
792
1121
921
1125
923
802
361
363
806
808
114
810
493
372
933
1134
818
908
985
825
827
829
58
298
87
943
1119
982
86
827
109
370
360
108
111
99
107
593
40
85
1063
1037
1201
736
366
368
641
1183
778
475
41
821
1057
773
1181
764
807
100
905
574
665
10
83
366
114
99
895
976
729
96
534
647
649
438
440
1065
787
39
10
70
1239
369
1104
117
120
370
321
402
341
1003
497
1277
122
45
841
394
488
887
438
829
569
1273
1275
594
105
826
739
1281
723
1003
977
1300
46
105
779
1288
752
56
1291
114
1293
574
998
1274
738
32
1277
1279
1308
97
1282
381
1033
1285
371
117
1287
1289
54
1313
1315
1295
1318
1240
1305
114
1301
1324
1303
1033
1339
980
1308
103
1310
395
1333
806
1314
828
1316
1296
1319
1321
1280
1342
1283
1327
109
1286
1310
53
753
51
53
845
757
848
1337
739
916
1300
1359
1325
1304
1375
1340
1307
1309
393
1366
843
1369
756
847
408
1373
638
819
810
468
877
43
32
486
98
1299
32
919
1377
1343
587
498
109
1394
116
1396
1067
356
1356
1240
87
371
100
515
360
1051
32
77
926
1342
316
812
676
995
643
616
64
1019
73
47
77
407
337
115
445
622
1051
866
779
102
119
1055
536
538
1261
564
1392
567
354
621
380
897
85
1403
70
265
109
914
261
317
646
457
509
360
46
1470
298
627
629
1156
633
635
1451
639
641
678
644
1003
665
1270
477
46
99
102
103
298
1421
806
99
829
115
115
102
351
108
324
442
375
1179
10
76
1229
1231
579
78
1223
483
373
959
377
1172
80
352
97
885
373
955
804
554
873
954
966
1231
32
121
1258
32
1458
1121
356
555
1463
353
1451
932
449
1234
716
709
51
711
48
1454
826
324
40
1481
616
1062
1064
1040
1308
1412
105
1262
101
708
33
10
1517
101
1519
436
814
922
1465
1098
261
1421
740
663
66
73
79
83
981
434
403
447
380
1324
264
110
1246
299
657
1591
300
450
363
892
365
32
65
1189
405
312
544
316
1592
1592
298
325
62
32
1416
368
1419
1226
1193
693
593
1575
449
77
66
82
674
381
994
1552
821
1608
631
787
50
32
40
118
710
48
48
708
934
911
1617
1208
1619
1621
1623
1428
115
1252
590
1240
1228
111
107
801
311
1097
1083
32
617
445
32
10
277
663
115
837
950
578
373
406
953
897
411
261
1382
103
981
1673
101
1675
1614
905
1133
1320
1229
1166
812
926
1276
257
1653
1661
277
897
40
104
100
48
44
109
1647
111
115
49
41
1483
787
981
73
311
470
1439
354
109
339
100
360
513
1228
516
510
411
1152
521
403
116
523
1662
276
1728
275
387
389
771
277
695
1736
1737
1738
1739
1740
1741
1742
1743
1744
1743
1730
549
1167
1647
814
107
551
322
116
95
1700
1418
1717
1171
108
1030
438
311
621
602
354
120
1763
1747
1745
1771
1772
1773
1774
1738
298
1552
529
421
431
1781
1782
1783
1784
423
1607
276
1460
729
816
1211
524
278
118
1769
277
1492
1082
986
460
552
524
343
84
51
50
1747
1798
863
594
365
524
983
354
1175
379
1717
1297
1618
353
1421
80
322
837
1190
308
1228
1230
1627
276
79
552
827
1467
510
83
1135
109
524
1808
637
583
390
1793
278
1777
996
528
50
1780
1785
1852
1853
1785
1787
275
1789
1130
1838
1845
1729
1797
637
1656
1800
121
1802
275
45
1841
1202
1799
316
371
1812
1661
495
1848
502
51
1851
1854
1883
1884
426
1856
342
458
1859
1792
280
66
1299
1506
1230
405
1871
1655
1873
447
1867
723
1532
110
107
362
119
110
1898
1158
1810
1875
111
341
1847
1430
112
52
1882
1885
1921
1883
1887
1858
935
1891
279
1765
1734
276
1809
1657
1801
1903
78
84
70
83
1910
1865
1874
110
1876
1598
1494
379
374
517
1150
663
1913
641
663
1451
1941
44
642
615
1918
1692
283
1962
805
871
1726
590
1899
1810
49
486
56
271
52
395
308
456
590
1946
1340
1261
1950
449
1952
1747
1963
280
102
337
1225
102
374
115
107
1957
1778
52
1964
1754
1654
1911
1657
52
57
53
56
48
52
52
1970
1830
275
1832
405
1166
517
1837
1927
1910
1843
523
281
1916
1959
53
1920
1922
2027
1784
1924
1889
1926
937
1861
275
101
120
116
52
1940
1900
1934
524
1870
1863
1872
1912
1943
1914
1961
2012
1833
2015
1836
1860
275
1542
1236
50
1545
570
2019
1889
2021
280
1706
477
1485
98
1487
1489
381
646
648
602
469
788
1265
648
437
651
653
787
298
1647
97
49
2026
2028
2089
2029
1747
1925
1791
2033
280
1795
905
2040
1810
2042
275
77
83
87
73
78
1044
2087
724
1805
1807
2045
1968
1657
1913
1813
1174
824
1818
1319
1820
1594
311
1823
1224
959
316
66
1828
107
2011
32
2013
1834
1261
2017
2095
2050
2123
1560
2064
279
2066
385
665
2070
510
1034
1033
1026
1044
868
1985
1986
278
2149
587
1066
1027
1046
1018
1033
320
1558
330
1605
2167
307
617
1579
1513
810
1515
369
2168
2167
298
1579
35
2109
2056
1235
116
640
2059
1546
1132
1778
53
656
2176
1591
32
72
1702
622
72
578
1537
681
2192
682
10
67
80
85
590
1259
560
2173
2184
261
341
670
1400
116
10
86
561
101
2049
65
108
415
316
76
97
1231
45
85
80
51
631
84
1631
91
73
406
360
88
1156
827
112
560
99
115
93
364
1989
32
892
810
464
67
379
988
2135
700
76
357
574
885
1496
1167
372
2171
934
2057
2184
1398
487
2216
1632
2269
2185
1044
2007
32
76
84
83
1995
338
352
1957
1107
486
41
2191
2202
1605
1532
1403
2291
2177
10
1577
1579
47
1533
795
1535
1462
802
341
570
46
55
711
52
2233
1988
412
1422
1437
1702
1440
32
2255
114
2257
1686
1909
1582
976
1536
1200
934
919
45
1722
263
457
1198
1957
1688
1614
1131
740
2330
387
353
897
1209
1320
2261
488
390
699
1588
1256
886
1573
637
403
922
369
828
1673
1948
510
1150
333
107
456
458
781
32
1565
1567
1177
1205
1683
498
1496
1342
1526
564
46
1502
114
64
103
321
458
1487
412
821
1051
67
887
261
621
341
1636
48
51
10
84
1308
2221
456
2395
1911
521
1716
2297
310
79
1340
405
2395
1636
52
44
2396
49
2416
1636
504
2396
1698
2396
1807
1051
2422
42
2251
621
405
541
464
83
1083
1342
9
70
118
86
111
108
40
51
101
53
48
50
100
98
102
45
2005
877
267
1566
478
98
570
397
49
100
55
50
49
55
101
1715
53
57
1705
2438
1858
40
2446
54
55
1636
55
400
52
55
56
2451
52
339
55
482
100
49
51
45
56
273
52
102
51
55
57
99
54
50
102
41
53
51
2008
2008
1636
2154
335
2395
1997
272
1658
2513
1547
2450
709
369
2446
32
2444
32
877
32
2005
590
788
52
1538
617
1636
1658
369
2463
1658
55
354
788
593
2469
381
32
2278
48
54
2515
2544
1547
2479
2549
1398
2538
2521
2483
32
2481
354
2538
2485
590
369
2490
2524
2554
1997
2496
32
2498
924
2547
2502
2543
55
446
102
446
2545
48
1747
1252
469
341
2505
2557
1997
2008
2549
2408
258
2417
2428
85
83
635
2434
379
2436
2438
2440
2442
2444
2446
2448
2450
2452
56
2454
2530
604
563
2459
569
2462
2464
2466
2468
2470
47
2472
1889
2474
2546
2477
272
2480
2482
2484
2486
2488
2490
2492
2494
2496
2498
2500
2502
2504
53
2505
52
271
2580
279
2511
2544
2513
2538
49
2516
549
446
2448
2526
1547
2523
2525
2527
604
2557
2531
2552
2461
2569
1631
2465
2539
354
2520
57
2543
2545
2547
2650
2552
2551
2533
2476
2655
2524
446
2558
101
2560
788
591
1658
2233
2493
2526
2567
2233
2570
2500
709
675
2569
2576
2578
2516
2581
905
97
2584
274
2585
2642
2589
2426
1636
50
2428
80
88
69
982
646
119
379
107
2437
2439
2441
2443
2445
2447
2449
2451
2453
1333
2610
2457
2613
2461
2463
2465
2467
416
2469
2471
118
2473
2475
2625
2479
267
2628
267
2630
591
2632
2493
53
2495
2497
2499
2501
2503
2446
2005
52
2446
2644
278
2646
2545
2649
2651
2518
2654
2521
2657
2547
2659
2529
2662
2533
2664
2536
2667
2467
2669
2526
2671
47
2647
2544
2674
2651
2677
1547
2679
2555
2682
2538
2684
2557
2686
2563
2689
2566
364
2693
2671
2695
2573
2786
2575
364
2700
2589
277
2582
2704
2680
2527
2762
2709
310
2396
51
2428
77
115
84
819
112
9
80
1260
82
310
40
48
120
1637
47
2830
105
2834
120
2650
2416
2836
1705
2594
66
40
2415
2837
2847
40
2418
2837
72
68
2853
44
1620
82
2844
2502
99
55
55
99
2009
2844
2006
2423
120
2865
51
99
1697
1637
2510
112
2395
1631
48
2532
99
2552
1697
2557
2532
2233
48
97
2552
2533
2893
1547
2786
2882
2544
2532
2547
2894
2548
2896
2889
274
2546
2892
2651
2903
2544
2905
2900
1547
2897
2533
2896
2513
617
50
2891
2893
2532
2913
2923
2892
56
2892
2924
2901
2901
2875
2569
2889
2538
2929
2924
2009
2569
2884
2864
2696
2927
2942
2935
2943
2928
2913
2532
617
2808
2699
2787
2509
2710
2007
2428
1036
2184
9
2856
2858
71
80
84
44
290
2497
97
2476
2491
52
99
98
713
288
925
563
2397
2487
55
2009
56
2467
2968
2874
56
2850
876
1636
2869
2643
2837
2473
92
919
92
2957
117
92
1556
1042
2160
105
2289
2645
2879
2952
2918
2920
2947
2945
2925
3011
2944
2533
271
2544
2926
3014
2924
55
2233
2968
2522
2554
1631
2973
2557
2939
2891
288
549
2656
2538
2980
1658
2926
2782
3023
2874
2524
2513
2881
1631
2916
2787
2506
2552
53
2884
2533
2818
3051
2912
2557
2671
2533
3049
2676
2905
2792
2881
2550
3060
1398
353
2533
3035
3067
3064
3058
3067
2889
2792
3018
2792
3056
2792
369
3067
3075
2522
3054
3047
3015
3066
2792
3064
54
3054
54
3077
2942
2950
2810
2952
2580
2954
53
2428
1611
1418
119
1420
637
1423
541
402
114
2959
2857
2418
2962
2964
2966
55
2968
3021
267
2972
2974
48
2976
98
2978
45
2980
49
2982
98
2984
99
2986
2869
2989
2835
1972
2396
2471
2622
2994
794
92
1436
99
1438
1440
92
1051
92
1184
103
1445
1055
2504
2980
57
2530
2507
102
53
273
51
2417
2422
1636
2608
3165
272
2870
2422
2642
2414
3163
2007
288
2007
102
2414
2643
52
97
2414
2763
2311
2420
3176
51
2876
55
3124
2397
57
1636
486
3194
2763
54
2459
51
2870
51
54
1636
1806
3194
3174
2448
3204
3197
3174
3195
2546
3176
3208
2397
3176
54
2763
2497
3204
2424
2876
3198
3206
3225
2397
2459
3215
3089
3204
3174
3205
2546
2643
51
3232
3187
3217
3238
3204
2625
51
3193
2397
2763
55
2876
3165
499
1636
2459
2422
3252
3165
3176
2422
2575
2577
2007
2509
3005
2512
2898
709
3009
3264
3019
3017
3013
2946
2552
3016
48
3081
3268
3021
590
2547
2497
2526
3026
1631
2971
1127
2557
2517
3033
2569
1997
3128
2668
3039
2884
2986
2544
3043
2672
2513
2587
3054
3071
1547
3052
3303
3054
2003
3048
3050
3303
3079
3076
2552
54
3073
2665
3313
2578
2550
3315
54
3318
1398
3054
3068
1547
3302
2557
3062
1398
3322
3321
2676
2651
3327
2501
3317
3337
3067
2651
54
3311
2553
3313
3324
2934
1547
50
3086
1398
3088
3090
3092
2901
3094
2577
3096
2702
2583
2526
2560
2671
2530
2586
2557
446
3161
2526
3315
2914
3271
2608
3011
2482
3011
2708
3051
3315
2588
3051
3322
3376
3303
3266
3304
2557
3315
2754
2552
3188
2676
788
2533
3243
3313
3340
3088
2922
2522
3081
3202
3389
3329
3314
3272
3342
1368
3313
3320
3340
2651
2654
3393
3396
3389
3346
2522
2924
3412
2792
3398
3404
2678
3315
399
3405
3344
3389
3424
3403
3329
3236
3389
2651
3084
2792
3434
3434
3416
3394
3393
3064
3247
3013
3349
3370
2942
570
3013
2651
2901
2809
3356
2579
298
486
2506
57
98
3202
294
2500
53
102
2003
53
97
57
57
2728
3224
287
57
54
101
2233
275
1778
530
1442
1023
1025
1053
3002
840
2311
2003
3459
2501
50
3462
3464
2004
3467
3469
2450
3471
2003
3474
3476
1958
997
1021
1010
3483
2152
1413
57
50
2604
3468
2464
1488
99
57
101
288
3160
2495
2640
100
2971
2577
98
538
3307
3477
1879
529
3503
622
102
98
2165
2461
3468
2577
53
570
1252
3132
2505
53
100
2464
3161
57
3116
100
53
101
3091
2059
1547
3527
1917
3479
2158
787
2165
56
3161
3516
2004
102
3314
102
2059
3132
2642
101
50
3124
2980
3551
3508
98
3499
2891
3555
1959
3557
533
2164
3484
3535
57
3537
3539
828
3561
1368
3544
49
3546
3548
3550
3552
3163
276
3478
47
2997
2068
3560
3562
3465
3565
51
3567
2985
3570
3572
272
2530
3552
3577
3475
3579
3501
528
530
3603
3584
3506
1056
3456
3487
3460
3490
3218
3492
3466
3468
3470
570
3472
3499
3600
3528
3622
2183
1038
3000
2165
2059
56
2497
2684
102
56
49
98
53
98
2463
2499
3490
2500
3021
100
3188
97
53
2501
3277
3580
3502
3144
3146
1189
3530
47
83
2353
101
1051
410
111
697
323
1447
3475
2971
2009
3592
273
829
3161
3274
97
50
57
3243
2640
3181
3274
2479
3647
3639
3556
1435
2316
1439
3671
3480
1243
3153
535
3163
3692
100
56
1488
3538
3490
97
3188
3188
376
2485
3565
2971
3208
3544
3122
3700
3581
3702
3145
2317
3705
1022
1243
114
1447
1590
2295
303
32
68
1670
101
2838
1754
1299
2265
2429
1597
3738
304
298
68
1751
360
2116
32
2090
3758
431
2023
598
9
341
814
45
3113
44
9
362
45
2298
83
564
3768
951
115
1736
69
83
80
1957
3769
258
1094
115
98
3768
735
45
320
99
1957
3776
45
1702
3788
111
45
516
100
3768
1973
2926
1941
360
2428
3715
549
121
1394
298
2125
457
540
3755
2048
1632
530
51
41
2088
3759
1923
1878
3556
3763
1201
3795
115
3768
486
2283
263
107
1185
3797
45
1418
99
665
3797
3841
3783
665
911
3837
665
403
118
3797
1251
1253
3843
3789
438
114
3825
1959
51
3827
3770
3796
9
3832
1201
3834
3836
3783
3838
1229
3854
111
3872
3845
1103
3847
787
3849
3851
112
2582
101
3843
414
482
1600
266
2459
71
66
3858
679
52
3861
3798
3863
3865
362
3867
475
3837
3839
3874
787
3842
787
3846
3869
3848
496
3880
3882
3884
368
3886
1190
569
1636
3890
3892
644
3827
3765
3897
2415
590
519
845
116
3768
489
491
593
690
868
3768
665
50
3937
1138
973
3940
477
3849
3795
1994
9
3852
810
401
3905
9
3885
1188
3917
3889
3891
1564
3745
3815
1811
955
40
50
47
3820
3822
3823
1853
3761
3621
3923
3777
695
3779
3781
9
263
1205
45
3794
3770
2075
604
3837
621
3837
516
1228
591
3837
862
3679
45
362
266
629
3837
98
3868
735
516
1101
1778
3860
3764
115
735
3976
3768
3979
259
3982
3798
3984
3787
3869
3987
3869
3989
111
3991
3869
3993
118
3995
379
3981
561
3999
4001
258
4003
890
1996
3973
4009
3780
4011
1754
3981
1519
4027
582
603
4017
3770
4019
3770
4021
4023
4025
405
121
3795
3997
561
415
110
4031
3901
3783
116
4034
258
3921
599
4037
258
4010
9
4016
4042
3777
3130
579
480
3986
3930
4020
371
3990
3801
4024
376
3994
3996
4029
4084
3770
4000
4062
4002
371
1101
3959
1205
3746
521
3816
1597
2443
3966
3821
3757
3969
1922
3971
616
3895
259
2348
3482
258
3837
695
3774
3978
4041
4014
4045
2076
3797
259
885
112
3785
114
3837
882
115
114
4040
3980
4014
4045
2076
3837
3951
1486
4090
1879
4067
112
4006
966
121
339
885
3482
258
3837
695
3774
3978
4041
4014
4045
2076
3797
259
885
112
3785
114
3837
882
115
114
4040
3980
4014
4045
2076
3837
3951
1486
4090
1879
4067
1918
3895
259
2348
3482
258
3837
695
3774
3978
4041
4014
4045
2076
3797
259
885
112
3785
114
3837
882
115
114
4040
3980
4014
4045
2076
3837
3951
1486
4090
1879
4067
503
3895
259
2348
3482
258
3768
462
448
889
258
3768
4073
462
448
366
259
3774
4063
2348
112
3785
114
3768
462
448
882
115
114
3768
4073
462
448
366
259
507
114
3931
116
579
2146
4090
1879
298
1991
1751
781
464
40
583
1190
416
3821
3757
3969
2028
3752
1751
3620
2109
2004
1545
2690
71
105
66
1957
3636
3172
2004
2311
1970
2926
98
3810
390
1957
2991
288
3508
486
2001
1817
10
3753
1993
370
4059
457
356
2412
1598
1806
65
3193
50
70
3771
69
57
66
267
56
66
65
2492
2608
69
3126
3127
53
68
2463
2546
66
57
2154
280
2434
1754
281
69
1240
275
3674
863
360
275
83
105
122
353
84
1902
4067
529
279
3803
278
2641
290
2538
276
2505
287
2006
276
50
3203
77
1402
1121
2137
819
4067
112
1631
276
2641
290
2926
277
3664
3656
274
277
1806
55
54
2926
276
1970
77
2315
3730
3704
441
390
405
697
100
4067
112
3500
2526
2476
3692
2547
3055
2005
3175
3594
3055
3115
712
3347
3202
711
71
2315
3730
3704
311
3130
489
2884
2814
4067
1960
3465
2006
2008
1970
275
2003
3651
3314
2479
617
275
2059
2469
3692
2547
275
49
711
71
1610
1417
1613
4053
380
3849
265
521
566
2217
2189
32
3193
2865
3314
2479
2666
52
2476
3508
3561
273
2526
3203
1970
1974
486
709
2476
711
71
2279
1329
1279
2020
1838
10
3753
1993
805
1252
2584
57
46
3336
71
105
66
1957
3195
1970
294
2882
3203
3809
1394
1957
712
2446
399
54
2006
2001
1817
10
3753
1993
370
4059
457
356
2412
2544
120
2863
2865
2867
998
278
1421
2434
1754
280
69
1240
275
3674
863
360
317
105
122
353
73
369
84
1902
10
2085
617
32
2428
277
3803
1658
3509
3227
2476
2671
712
3510
3314
1631
2469
46
54
71
275
2884
87
2004
2110
1806
1632
76
66
65
2289
10
4012
593
45
108
1225
40
583
1190
416
3821
3757
3969
1922
2084
1252
58
1013
48
3890
58
115
2246
105
58
3715
58
3715
58
1757
1702
58
83
926
3753
1993
2319
476
122
2412
59
10
2087
570
2003
107
66
58
1013
48
3890
58
1013
48
3890
58
1763
1806
58
58
3774
1320
3130
59
4067
58
3636
52
3890
58
614
58
3715
58
3715
58
103
519
58
83
604
2393
311
2595
45
2464
3163
569
84
66
58
59
10
2087
570
2003
107
66
58
291
52
1620
58
291
51
1620
58
1763
1806
58
1403
2094
819
1753
1205
3746
521
58
3774
354
115
112
59
10
1850
291
52
1620
58
3692
48
1620
58
2010
56
1620
58
58
3669
3731
441
390
405
697
369
4012
3746
521
58
1700
1189
261
115
59
10
1881
3692
48
1620
58
3509
52
3890
58
3509
52
3890
58
58
66
1519
407
373
2703
1753
1205
3746
521
58
1700
1189
2814
59
10
1919
3509
52
3890
58
3509
53
3890
58
712
3274
1620
58
1929
58
58
629
4059
1957
374
1324
2283
95
439
378
333
608
59
10
2025
52
3218
3890
58
273
50
3890
58
50
2493
3890
58
2036
2038
58
58
59
298
70
261
1130
263
829
32
62
570
1436
66
3968
3969
1884
3971
2109
287
1806
2008
1436
66
58
2008
1806
2008
1436
66
58
2991
1636
1436
3891
1552
341
2479
2476
2501
1436
66
58
3547
2476
2501
1436
66
58
50
3203
2396
1436
3958
1125
107
561
1632
583
1190
416
3821
3757
3969
3758
298
78
65
77
2716
280
1938
84
89
80
2716
276
85
85
73
68
2155
2155
278
80
65
82
84
85
85
73
68
2155
2155
2279
65
66
69
76
1963
80
65
82
84
76
65
66
69
76
10
2085
2155
2155
2155
2155
2155
2155
2155
1963
10
226
148
148
226
148
128
2085
617
1794
1763
279
3128
2059
45
2624
2926
2155
1986
2863
2865
2867
400
2897
2155
1962
634
85
1936
2207
287
95
3554
277
4067
2155
2155
2155
2155
2155
2155
2155
2022
226
148
156
226
148
128
3478
796
1763
279
65
289
397
48
793
67
2155
2155
3115
3117
2970
3120
267
3122
97
2977
2497
3126
2981
2983
3314
3569
317
89
83
84
69
77
1962
1403
2094
819
1753
1205
3746
700
226
148
156
226
148
128
1778
1631
2155
2155
2155
278
48
1697
56
97
97
2980
2452
2481
487
2481
1972
2492
2007
1369
2502
2684
56
3693
2466
829
788
2155
276
3669
3731
441
390
405
697
369
4012
3746
700
226
148
156
226
148
128
4005
308
1894
1507
1601
2155
2155
282
3198
3182
97
2463
397
486
2466
2749
1636
45
3515
2444
45
3458
3163
49
57
97
97
56
3717
1997
2155
1931
1519
407
373
2703
1753
1205
3746
700
226
148
156
226
148
128
1996
361
906
360
278
54
877
69
3161
68
1970
69
3595
294
2155
280
54
925
2500
2615
2331
3161
478
52
3712
574
56
98
98
99
398
3532
3547
3654
3122
48
2568
3101
1613
82
2716
378
2441
360
10
226
148
148
226
148
128
2189
1767
2038
279
48
2462
56
3547
3274
754
288
267
3200
478
3663
3474
482
2971
101
2445
2483
287
3594
2526
2483
3547
538
57
45
3260
574
2762
3693
2492
3158
582
2448
3474
2397
2501
2445
788
2155
1729
606
1239
311
988
371
1966
40
583
1190
416
3821
3757
3969
1885
1887
2155
282
65
358
2367
85
885
37
1422
1239
1206
618
10
1428
3478
1963
295
46
57
77
275
2650
37
1059
564
488
952
1429
3581
10
1428
1996
1963
3200
710
54
77
275
2476
37
1059
564
488
952
1429
1959
2039
1428
2189
2155
49
3508
71
275
294
37
1031
10
1646
1252
617
2155
276
2505
46
57
71
275
570
37
381
2875
1989
822
731
322
1766
2155
277
877
46
52
75
275
2501
37
381
1791
601
1461
1537
1034
769
359
298
607
764
111
519
2265
360
40
583
1190
416
3821
3757
3969
1884
298
1428
3478
1963
2097
311
1962
114
119
44
261
974
2401
44
102
321
1993
61
2711
3939
100
321
1993
61
2711
3939
411
415
263
402
61
2311
55
44
1167
684
359
646
61
814
111
2608
2469
569
44
1040
809
541
498
61
109
105
120
416
44
1213
115
61
261
333
608
260
111
10
1428
1996
1963
1498
885
1125
1752
281
114
119
44
261
974
2401
44
573
114
95
561
61
1698
475
366
112
95
561
61
1698
693
515
95
258
435
114
44
1125
1653
105
122
101
61
288
3473
10
1428
2189
1963
2036
2038
1963
114
119
44
261
974
2401
10
1646
1252
617
2155
275
2097
311
1962
337
44
362
1166
498
44
102
321
1993
61
2711
3939
100
321
1993
61
2711
3939
411
415
263
402
61
2311
55
44
1167
684
359
646
61
814
111
2608
2469
569
44
1040
809
541
498
61
109
105
120
416
44
1213
115
61
261
333
608
260
111
2290
2167
3620
599
2144
2068
2147
1632
583
1190
416
708
2202
1472
3642
276
48
2462
56
3547
3274
754
288
267
3200
478
3663
3474
482
2971
101
2445
2483
287
3594
10
3101
1613
1421
3106
1425
1632
812
3478
708
275
1702
721
339
266
667
65
289
397
48
793
67
10
35
35
35
1402
78
68
2072
1266
2146
100
3966
48
95
1702
45
721
339
316
35
35
35
626
1459
1461
2200
3674
116
1835
360
275
1095
481
2303
1537
10
35
35
35
1402
78
68
2072
1266
2146
100
3966
48
95
1095
481
2303
2200
35
35
35
2290
2291
3620
599
2078
601
4046
1632
583
1190
416
708
3750
298
35
32
60
1843
2032
819
1609
60
333
608
551
111
371
116
1609
275
60
1934
1609
32
60
111
519
2265
115
1609
279
60
388
1152
1609
32
60
263
1496
62
10
35
2543
914
360
1427
1625
3528
274
388
406
517
1572
1467
1615
471
2323
10
1428
1992
107
531
4055
117
117
561
47
48
2462
56
3547
3274
754
288
267
3200
478
3663
3474
482
2971
101
2445
2483
287
3594
2543
2036
2038
1513
1268
652
360
1547
998
35
1326
587
868
914
360
1427
1625
3640
373
887
1261
1572
1467
1615
471
2323
10
1039
914
112
1675
3783
404
9
115
914
2828
115
119
9
48
9
2580
85
85
73
68
61
65
289
397
48
793
67
275
1085
279
2097
311
276
2080
440
360
278
3554
278
998
3737
2168
3620
599
2078
1267
2081
2068
1632
583
1190
416
708
2291
298
962
95
68
793
65
85
2280
61
2580
962
95
84
73
77
69
79
85
84
95
83
84
89
76
69
61
639
10
962
95
84
73
77
69
79
85
84
61
2061
962
95
68
73
83
84
82
73
66
85
84
79
82
61
96
108
3786
95
261
1518
1520
691
781
360
50
1609
1428
567
548
124
124
354
684
955
68
2467
798
110
96
10
962
95
67
77
68
76
2106
69
95
76
2106
85
88
95
68
793
65
85
2280
61
34
113
117
105
646
805
903
1519
104
34
10
962
95
67
77
68
76
2106
69
95
76
2106
85
88
61
34
34
10
962
95
68
73
83
65
66
76
69
95
1579
95
80
82
79
66
69
82
61
438
108
885
2290
1592
3620
599
341
1895
2323
1623
2020
1684
591
593
98
324
71
787
2201
1605
1887
280
71
105
635
45
631
635
1963
1925
2155
2155
277
70
827
2384
1725
40
115
3004
1962
63
63
325
32
63
63
1986
1033
1484
2146
1488
510
2155
2155
998
2557
2505
46
2469
2505
3202
57
2675
307
1974
2309
3175
50
2986
2009
2547
636
533
1328
567
122
2155
2155
280
998
2557
2505
46
2469
2505
3202
57
2675
307
1974
2309
3175
50
2986
2009
2547
636
533
1328
567
1331
46
1385
398
1387
846
758
2155
277
998
2557
2469
46
2005
2754
2009
2005
2671
307
2003
1545
2481
3198
570
3236
2547
636
533
1328
567
1331
752
1351
1292
1354
569
2155
278
2112
2762
49
46
2003
1970
3647
3473
1547
307
1974
1044
2482
2640
2007
3509
2547
636
533
1328
567
1331
1311
1334
1354
569
2155
278
998
2557
3538
46
2003
1970
3647
3473
1547
307
1974
1044
2482
2640
2007
3509
2547
636
533
1328
567
122
46
2441
369
2155
2155
275
998
2557
2505
394
3200
2465
3692
2564
307
1974
2309
3163
2604
273
3295
636
533
1345
1680
2155
2155
276
998
2557
2505
394
3200
2465
3692
2564
307
1974
2309
3163
2604
273
3295
636
533
1345
1675
1365
1367
1387
846
758
2155
1658
1662
52
3314
46
57
3594
2447
55
3198
2926
307
2003
395
712
3498
2498
3401
636
533
1345
1675
1349
46
1351
1292
1354
569
2155
275
998
2557
3538
46
3508
50
2986
3243
3432
307
1974
1366
287
2986
2005
273
1631
636
533
1345
1675
1349
1290
1352
1335
617
2155
709
1662
2762
49
46
3508
50
2986
3243
3432
307
1974
1366
287
2986
2005
273
1631
636
533
1345
1675
46
2441
369
2155
1986
1807
3737
2167
3620
599
341
108
360
45
464
2078
2068
46
100
2786
40
583
1190
416
708
2192
298
260
119
120
266
120
266
1279
617
850
850
3128
294
2926
79
377
275
1631
709
2447
2233
570
95
1321
10
260
119
120
266
120
266
1279
617
850
850
3128
2490
2233
65
336
275
3290
48
58
712
1658
48
95
1321
46
335
107
1348
404
119
10
260
119
120
266
120
266
1279
617
850
850
2311
286
2133
377
275
1631
709
2447
2233
570
95
1321
95
122
602
10
260
119
120
266
120
266
1279
617
850
850
2311
286
1598
336
275
3290
48
58
712
1658
48
95
1321
95
122
602
46
335
107
1348
404
119
10
260
119
120
266
120
266
1279
617
850
850
2650
2762
2671
79
377
275
1631
709
2447
2233
271
95
1321
95
120
403
10
260
119
120
266
120
266
1279
617
850
850
2650
3538
2233
65
336
275
3290
48
58
712
709
48
95
1321
95
120
403
46
335
107
1348
404
119
10
260
119
120
266
120
266
1279
617
850
850
275
2482
2547
79
377
275
1631
709
2447
2233
3509
95
1125
1056
260
119
120
266
120
266
1279
617
850
850
275
2482
2547
65
336
275
3290
48
58
712
709
53
95
1125
105
46
335
107
1348
404
119
10
260
119
120
266
120
266
1279
617
850
850
2490
712
1547
79
377
275
1631
709
2447
2233
3163
95
1702
45
721
339
3857
260
119
120
266
120
266
1279
617
850
850
2490
712
1547
65
336
275
3290
48
58
712
3417
95
1702
45
721
339
3735
335
107
1348
404
119
10
260
119
120
266
120
266
1279
617
850
850
1658
2465
1997
79
377
275
1631
709
2447
2233
3163
95
1095
481
2303
1537
10
260
119
120
266
120
266
1279
617
850
850
1658
2465
1997
65
336
275
3290
48
58
712
3417
95
1095
481
2303
1537
46
335
107
1348
404
119
10
260
119
120
266
120
266
1279
617
850
850
275
2463
1631
3674
1030
1398
275
286
2233
1368
95
1445
1251
10
260
119
120
266
120
266
1279
617
850
850
275
2463
1631
65
336
275
274
49
2087
3401
1368
95
1445
1251
46
335
107
1348
404
119
10
260
119
120
266
120
266
1279
617
850
850
275
2464
1997
79
377
275
1631
709
2447
2233
288
95
1098
468
412
10
260
119
120
266
120
266
1279
617
850
850
275
2464
1997
65
336
275
3290
48
58
712
3286
95
1098
468
2388
335
107
1348
404
119
10
260
119
120
266
120
266
1279
617
850
850
275
3545
2133
377
275
1631
709
2447
2233
2009
95
1098
468
412
10
260
119
120
266
120
266
1279
617
850
850
275
3545
1598
336
275
3290
48
58
712
2887
95
1098
468
2388
335
107
1348
404
119
2290
2192
805
1252
530
1033
1484
2146
1488
510
40
583
1190
416
708
2295
433
380
986
972
857
1532
3642
626
3642
1632
1665
102
786
97
2244
407
115
2289
1421
2313
1225
404
2037
796
2441
319
101
626
1459
1461
2200
3674
116
1835
771
2826
468
1392
333
323
2290
2168
805
1252
2109
1895
2323
1623
2020
1684
591
593
98
324
71
787
2201
2168
1887
280
71
105
635
45
631
635
1963
1925
2155
2155
277
70
827
2384
1725
40
115
3004
1962
63
63
325
32
63
63
1986
1033
1484
2146
1488
510
2155
2155
998
